 71.007011      34.391757
  71.026275      34.299216
  71.084097      34.033042
  71.346823      34.249318
  71.756701      34.297007
  72.261736      34.446450
  73.067555      33.733657
  74.048391      32.974289
  74.764936      32.890244
  75.446549      32.493136
  76.197433      31.762538
  77.015556      30.606428
  77.729887      30.263945
  78.261831      29.905279
  78.967137      29.525554
  80.303063      29.056423
  80.659807      28.953518
  81.417671      28.533460
  82.027452      28.163969
  82.322770      27.779551
  82.742411      27.643023
  83.260285      27.599835
  84.258180      27.567200
  84.674827      27.393779
  85.914015      27.048094
  87.383747      26.812326
  88.167782      26.718164
  88.851419      26.864378
  89.090016      26.834318
  89.326967      26.759464
  89.446021      26.785306
  89.872859      26.695469
  90.659392      26.738217
  91.210854      26.875053
  92.586751      26.977872
  92.729593      27.093946
  93.104254      27.016324
  93.411612      26.971357
  93.808149      27.287527
  94.384113      27.653690
  94.740141      27.786087
  94.960672      27.956247
  95.690222      28.368555
  95.919777      28.170091
  96.188605      28.088393
  96.387258      27.574463
  96.266159      27.592844
  95.673927      27.387938
  95.259394      27.217207
  95.128838      27.117871
  92.955750      25.399621
  92.450378      24.641560
  91.242300      23.794700
  90.934000      22.661600
  90.911128      22.613889
  90.686639      22.762889
  90.707111      22.633333
  90.855087      22.496990
  90.625517      22.018112
  90.671222      22.479167
  90.533306      22.605417
  90.607111      22.296667
  90.440833      22.078750
  90.396250      22.173306
  90.194167      21.802917
  90.084583      21.844972
  90.144167      21.969528
  90.078306      21.864583
  90.019556      21.893333
  90.212500      22.124583
  90.021667      21.989528
  90.087083      22.161667
  90.022500      22.196250
  89.935333      21.932361
  89.902444      22.390472
  89.819083      22.064611
  89.876194      21.896500
  89.778278      21.825250
  89.742833      21.866556
  89.742472      21.830278
  89.666139      21.847333
  89.688694      21.930667
  89.652444      21.904444
  89.642444      21.957722
  89.570778      21.943556
  89.522417      22.085389
  89.505361      21.906500
  89.422056      21.971500
  89.458722      21.760667
  89.358694      21.744861
  89.364472      21.945472
  89.291194      21.751556
  89.219111      21.747778
  89.197111      21.840778
  89.100361      21.811500
  89.092000      22.054944
  89.042417      22.075389
  89.072056      21.942306
  89.026639      21.926861
  89.018306      21.976056
  88.985833      21.890750
  89.099556      21.637333
  89.020000      21.660306
  89.026639      21.598639
  88.887889      21.655806
  88.859972      21.777056
  88.849139      21.616194
  88.716194      21.684167
  88.778667      22.014917
  88.639056      22.076194
  88.554972      21.815361
  88.518306      21.947917
  88.457889      21.895806
  88.452028      21.613306
  88.424167      21.718750
  88.396611      21.591250
  88.402111      21.719972
  88.274972      21.733722
  88.309611      21.579167
  88.246639      21.561222
  88.156222      21.955806
  88.208667      22.149111
  88.019556      22.222917
  88.190333      22.104111
  87.804167      21.696222
  87.092472      21.537056
  86.912111      21.338333
  86.827083      21.136639
  86.974556      20.819972
  86.867056      20.776778
  86.995806      20.769611
  86.964167      20.694556
  87.069583      20.720806
  86.731639      20.534611
  86.707917      20.408333
  86.787917      20.376639
  86.673778      20.294139
  86.798778      20.346667
  86.520861      20.184583
  86.422556      20.002056
  86.315000      19.987917
  86.371639      19.952083
  85.540000      19.696222
  85.592111      19.703278
  85.038306      19.392083
  84.129194      18.309556
  83.556667      18.026250
  83.214944      17.590389
  82.589111      17.276222
  82.306222      17.038333
  82.250444      16.875833
  82.284972      16.872056
  82.276639      16.854556
  82.303333      16.863722
  82.315806      16.841222
  82.355833      16.851222
  82.359556      16.824972
  82.365389      16.850000
  82.362083      16.943278
  82.333306      16.988750
  82.362889      16.962444
  82.371250      16.909139
  82.370417      16.868333
  82.355417      16.782472
  82.343750      16.745806
  82.346222      16.732500
  82.318333      16.730444
  82.335833      16.687917
  82.359583      16.711639
  82.319583      16.660806
  82.329528      16.601639
  82.316639      16.578750
  82.290361      16.609972
  82.258750      16.561611
  82.303278      16.558750
  81.719111      16.308722
  81.717111      16.364639
  81.709972      16.305417
  81.553278      16.372056
  81.267500      16.292889
  81.152111      15.971667
  80.940806      15.711194
  80.831639      15.701278
  80.805361      15.842472
  80.677500      15.889556
  80.263722      15.671667
  80.047917      15.074139
  80.185417      14.596667
  80.139556      14.565861
  80.196278      14.577472
  80.126222      14.065833
  80.346222      13.283306
  80.156250      12.462444
  79.872889      12.039972
  79.758750      11.671611
  79.832083      11.360778
  79.761250      11.379167
  79.837056      11.355806
  79.857056      11.195806
  79.880444      10.308306
  79.793333      10.272889
  79.639139      10.365417
  79.294139      10.260389
  79.267917      10.039972
  78.900389       9.486667
  78.953702       9.354075
  78.868473       9.251961
  78.860861       9.251278
  78.265833       9.017917
  78.125389       8.761667
  78.201222       8.785000
  78.070444       8.374139
  77.537500       8.073722
  77.316694       8.122889
  77.012472       8.350389
  76.547056       8.898278
  76.666250       8.994167
  76.538722       8.934139
  76.496222       9.167472
  76.357083       9.364972
  76.270417      10.032500
  76.240833       9.972917
  75.957889      10.816639
  75.912083      10.784944
  75.869556      11.124111
  75.542917      11.710778
  75.201250      12.004111
  74.825389      12.838333
  74.695417      13.343278
  74.666250      13.630861
  74.722056      13.638333
  74.650389      13.664139
  74.427111      14.277500
  74.517083      14.241639
  74.422028      14.285806
  74.283722      14.712500
  74.117500      14.771222
  74.165333      14.857861
  73.912917      15.083278
  73.897861      15.328306
  73.784556      15.408306
  73.886000      15.425944
  73.733778      15.588306
  73.789583      15.652444
  73.733722      15.614944
  73.457056      16.053306
  73.427889      16.371639
  73.367083      16.379167
  73.468750      16.413306
  73.368306      16.395417
  73.317083      16.510806
  73.336694      16.560417
  73.362444      16.477944
  73.443750      16.499167
  73.318750      16.598333
  73.402111      16.615806
  73.334111      16.617889
  73.307083      16.728306
  73.330389      16.969167
  73.257056      17.047528
  73.325417      17.040000
  73.191222      17.296639
  73.299556      17.291639
  73.172056      17.399167
  73.139556      17.557500
  73.216583      17.588806
  73.137944      17.610000
  73.129556      17.834194
  73.031250      17.949167
  73.090944      17.990361
  73.019583      17.990806
  72.932917      18.217472
  72.966667      18.278750
  73.101667      18.142083
  73.086222      18.319167
  73.029972      18.262889
  72.921222      18.347500
  72.907056      18.539944
  73.006250      18.466667
  72.857083      18.694167
  72.939167      18.825389
  73.016250      18.715000
  72.989583      18.864944
  72.908750      18.897444
  73.067056      19.020806
  73.001222      19.004139
  72.985806      19.189528
  72.957917      19.037444
  72.806222      18.893333
  72.831250      19.179972
  72.779583      19.154111
  72.841222      19.254139
  72.783278      19.192056
  72.786250      19.304972
  72.912111      19.288333
  72.777083      19.348333
  72.744556      19.459944
  72.888778      19.524139
  72.730389      19.529167
  72.655444      19.833306
  72.665417      19.933333
  72.746278      19.941639
  72.753750      20.290000
  72.900444      20.530000
  72.844528      20.743333
  72.930389      20.760000
  72.826250      20.794139
  72.782889      20.919167
  72.849583      20.971639
  72.758333      20.928778
  72.733722      20.998278
  72.728306      21.053722
  72.848722      21.032472
  72.707028      21.087500
  72.788694      21.180000
  72.638333      21.081222
  72.637861      21.206611
  72.742028      21.197500
  72.597861      21.298306
  72.686250      21.355000
  72.646194      21.386667
  72.699111      21.462917
  72.762917      21.448306
  72.727500      21.477917
  72.645778      21.446222
  72.679583      21.500833
  72.927889      21.675778
  72.539972      21.660389
  72.618722      21.905861
  72.749583      21.973278
  72.537472      21.896222
  72.507889      21.975806
  72.585833      22.204556
  72.760806      22.173750
  72.910806      22.266222
  72.748306      22.231250
  72.526639      22.304556
  72.430806      22.204528
  72.385417      22.331639
  72.326694      22.308722
  72.298722      22.103333
  72.182028      22.022500
  72.247056      21.924167
  72.162889      21.959139
  72.249528      21.910806
  72.249556      21.809972
  72.166194      21.810000
  72.306250      21.626667
  72.088750      21.314972
  72.111278      21.199111
  71.442500      20.867917
  70.822472      20.690417
  70.155778      21.054556
  68.935389      22.306694
  69.068333      22.478722
  69.035417      22.389972
  69.191639      22.418722
  69.157083      22.310000
  69.227472      22.256222
  69.480000      22.332083
  69.510000      22.425389
  69.574083      22.322083
  69.667500      22.322944
  69.728361      22.474556
  69.808333      22.397889
  69.985806      22.544556
  70.174167      22.542028
  70.447889      22.970000
  70.287472      22.944611
  70.219139      23.055417
  70.224139      22.952889
  70.131667      22.995861
  70.100028      22.907861
  69.884972      22.912861
  69.710833      22.737889
  69.451639      22.775417
  69.362472      22.881194
  69.350000      22.817889
  69.197500      22.835361
  68.631583      23.168667
  68.717778      23.125778
  68.579472      23.227444
  68.679472      23.301639
  68.448722      23.480000
  68.469139      23.551250
  68.425389      23.509167
  68.550750      23.717083
  68.801611      23.884583
  68.514083      23.745444
  68.434139      23.736278
  68.426778      23.819361
  68.389528      23.600861
  68.265806      23.556278
  68.271639      23.624611
  68.246639      23.567889
  68.172917      23.624972
  68.349528      23.731694
  68.240778      23.673722
  68.207056      23.834194
  68.346611      23.966250
  68.170833      23.844556
  68.038694      23.906889
  68.015833      23.769611
  67.865361      23.874972
  67.911111      23.976528
  67.825833      23.812056
  67.691667      23.891250
  67.724972      23.795361
  67.632083      23.814194
  67.644944      23.914583
  67.627528      23.846194
  67.519556      23.893306
  67.546639      23.954528
  67.480778      23.912889
  67.518694      23.974167
  67.428306      23.952111
  67.462917      24.046694
  67.393722      24.052500
  67.480444      24.060000
  67.439972      24.121222
  67.370000      24.077083
  67.305361      24.223278
  67.395417      24.237500
  67.280417      24.299139
  67.417111      24.319167
  67.373306      24.392083
  67.287917      24.349972
  67.346250      24.454972
  67.261639      24.417111
  67.290361      24.530833
  67.191250      24.568306
  67.333750      24.634111
  67.157917      24.630806
  67.294556      24.774944
  66.657444      24.832056
  66.752944      25.178306
  66.668742      25.254528
  66.728486      25.463629
  66.742400      25.473700
  66.474350      25.874661
  66.687642      27.503433
  67.030258      30.119771
  67.282936      30.119771
  68.243149      31.383200
  70.272848      34.345644
  70.761089      34.449746
  70.772374      34.439798
  71.007011      34.391757