6.585314215107853641e+00 2.372799904191342435e+01 1.747261036328094264e+00
2.872602486589978099e+01 1.601517178339642467e+00 1.476660388682869041e+01
3.495184749538701396e+01 5.265954096046543498e+01 1.011839330627783973e+01
3.633757598850750892e+00 9.097547235048784842e+01 1.641928029340989026e+00
1.358118167183336311e+01 1.562919305926036273e+01 4.588941251673337263e+01
4.463031076456481117e+01 1.160882674601916698e+01 6.421952345413850516e+00
1.788374385306891057e+01 3.579189789560371793e+01 1.498240887601369309e+01
6.723127460657150323e+01 4.604711105103724833e+00 5.712827486123855181e+01
7.083625906951140916e-02 4.354208920635871038e+01 3.600318634639839477e+00
5.490098935843032990e+01 2.402798413892501728e+01 2.121385727526734932e+00
5.570521567174627542e+00 1.056602345463735126e+01 1.679410171501142912e+01
1.296185326776781999e+01 8.722359492328662256e+00 8.798396838988521651e+00
2.726877749247908156e+01 9.956906500738508470e+00 3.840726347817779551e+00
7.185812930083405092e+01 1.506380545691196637e+01 2.225594015658813518e+01
5.614821568237970695e+01 5.103775578228873400e+01 3.776020526061464011e+01
7.189655047073944871e+00 1.058757714125470706e+00 1.657557849197983213e+00
2.924831665288555627e+01 5.179489637580450001e+00 4.786455765732854672e+01
7.288311066190613019e+01 1.257173448811079552e+01 4.048858671362506101e+00
1.480189908920988984e+01 6.427767565474231048e+01 3.063505166248608802e+01
6.364064489713862827e+01 9.393357030599607072e+01 7.281968325991910262e+01
5.757748326140399442e-01 3.945682619110330336e+01 1.803941068599928244e+01
2.660928785906284944e+01 5.090235968836819325e+01 4.091474344008242170e+00
4.702092716917025683e+01 7.121579457496801524e+01 4.287989328177566506e+00
1.716639855692184113e+01 3.153263534796366230e+00 2.223692149059844070e+01
1.462251639563250372e+01 2.080130239349011134e+01 5.183408868031663985e+01
